# yamllint disable
end-of-epoch: true
error: 0.5506114363670349
loss: 44.82109917276278
unixtime: 1618508244.7127435
